-0.585532
1.417184
-0.616263
-0.870053
0.643288
-1.144733
-1.111400
-0.475975
-0.659309
-0.966148
-0.438607
-0.695335
0.045318
0.132918
-1.156219
-0.002137
0.916020
0.250926
-0.674327
0.767097
-0.023881
0.967479
-1.195808
-0.649877
-0.524773
-0.166627
1.223852
1.013552
1.025044
0.947101
-0.023053
2.326985
-0.203972
-0.074681
-0.139267
1.954370
-1.262252
2.089031
-0.202537
1.311962
-0.222291
-1.049632
-0.399579
0.278077
-0.669021
1.089238
-1.405399
0.195407
0.732156
-0.949000
-1.208282
1.194384
-0.700905
1.404423
0.695348
0.783305
-0.985534
-0.260654
0.110765
-0.887894
-1.599942
0.890417
-0.252442
2.660455
0.309187
0.535008
-0.181443
1.978139
-0.830640
2.310273
0.183175
1.064288
0.207053
-0.212997
0.969013
-1.005466
0.159049
0.159425
-0.635125
0.289514
-1.454113
-0.409197
-0.550821
0.377846
-0.890564
0.274919
0.300880
0.282305
-1.154655
-0.042040
0.378800
0.865453
-0.211215
-0.364177
-0.959887
-0.261233
0.851733
0.995762
0.803950
-0.929930
-0.153048
-0.502913
-0.941629
-0.536960
0.514710
0.066842
1.342379
-0.385636
0.225325
-1.516582
-0.150985
1.026325
0.095550
-1.127767
-0.275852
1.046559
-0.056027
1.475839
0.498625
1.905016
0.224067
2.835306
1.559775
1.896495
-1.173546
1.295746
0.507403
0.716297
-0.238082
-0.918811
-0.119262
0.847227
-0.370798
1.696448
-1.165626
0.697069
0.042696
0.591575
0.065073
-0.595435
0.674586
1.166670
-1.424754
0.216975
0.344232
1.007491
-0.611044
0.440391
-0.147293
-0.355378
0.707992
0.877025
0.433916
1.588110
-1.067111
1.375730
-1.345742
0.278381
-0.639571
0.964919
-0.108925
0.848169
0.293690
-0.358559
-0.633273
0.643297
1.392968
2.634458
-1.486135
-0.023187
1.080056
-0.579257
0.111432
0.236998
2.114484
-0.638399
-0.627157
0.797647
-0.297415
0.157432
-1.833942
2.063888
-0.289626
0.795814
-0.306649
-0.505087
-1.429231
-0.007933
-0.750045
0.721806
2.131417
1.119318
-0.748043
0.509615
-0.097396
1.039353
0.623206
-0.167451
-0.527821
0.036541
0.073380
0.312664
-1.920790
-0.635417
1.314066
0.050346
0.655855
0.813983
-0.204189
1.088795
1.115552
1.118440
0.981008
-0.205941
-0.892605
1.129084
0.291501
-0.556545
-1.054267
0.930498
0.393797
0.494048
-0.126559
1.285125
-0.063813
-0.057234
0.122221
2.180450
-0.003560
-0.429346
-0.793309
-0.371444
-0.142731
1.014226
-1.768284
-0.460581
-0.627420
-1.045934
-2.309389
-0.116582
-0.336375
1.299149
-0.562728
0.079815
-0.211854
-0.344532
0.493528
-0.971967
0.555861
0.059640
0.299598
-0.985890
-0.776910
-1.339904
1.618599
-0.044924
0.026473
2.099899
-1.061199
2.268227
1.089903
-0.872913
0.699645
1.943495
0.410427
1.715267
0.196138
0.677197
-1.665978
0.649044
-0.684863
0.499793
-0.940257
0.875429
-0.479243
-0.973193
-0.008559
0.313436
-0.543326
0.418561
0.887869
0.322242
-1.240306
0.982958
0.026895
0.488391
0.245844
0.448482
-1.779462
0.068659
-1.219387
-0.323654
-1.281364
1.917076
-0.842128
1.552134
